## Step 1: Understand the layout of the numbers
The numbers are laid out on a spiral in a hexagonal grid, starting from the center and moving outward. Each row of numbers increases by one from the previous row, and each column of numbers increases by one from the previous column.

## Step 2: Identify the position of the number 2026
To find the sum of the 6 neighbors of the number 2026, we first need to determine its position on the grid. Since the numbers increase by one in each row and column, we can start from the center of the spiral and work our way outward.

## Step 3: Determine the row and column of the number 2026
The center of the spiral is at the number 1. Moving outward, the next numbers are 2, 3, 4, 5, 6, 7, 8, 9, 10, 11, 12, 13, 14, 15, 16, and so on. We can see that 2026 is not in the first or second row, so we need to continue moving outward.

## Step 4: Continue moving outward to find the position of 2026
We continue counting the numbers until we reach 2026. The spiral has a repeating pattern of 6 numbers, so we can count by 6s to find the row and column of 2026.

## Step 5: Count the numbers to find the row and column of 2026
Starting from the center, we count by 6s: 1, 7, 13, 19, 25, 31, 37, 43, 49, 55, 61, 67, 73, 79, 85, 91, 97, 103, 109, 115, 121, 127, 133, 139, 145, 151, 157, 163, 169, 175, 181, 187, 193, 199, 205, 211, 217, 223, 229, 235, 241, 247, 253, 259, 265, 271, 277, 283, 289, 295, 301, 307, 313, 319, 325, 331, 337, 343, 349, 355, 361, 367, 373, 379, 385, 391, 397, 403, 409, 415, 421, 427, 433, 439, 445, 451, 457, 463, 469, 475, 481, 487, 493, 499, 505, 511, 517, 523, 529, 535, 541, 547, 553, 559, 565, 571, 577, 583, 589, 595, 601, 607, 613, 619, 625, 631, 637, 643, 649, 655, 661, 667, 673, 679, 685, 691, 697, 703, 709, 715, 721, 727, 733, 739, 745, 751, 757, 763, 769, 775, 781, 787, 793, 799, 805, 811, 817, 823, 829, 835, 841, 847, 853, 859, 865, 871, 877, 883, 889, 895, 901, 907, 913, 919, 925, 931, 937, 943, 949, 955, 961, 967, 973, 979, 985, 991, 997, 1003, 1009, 1015, 1021, 1027, 1033, 1039, 1045, 1051, 1057, 1063, 1069, 1075, 1081, 1087, 1093, 1099, 1105, 1111, 1117, 1123, 1129, 1135, 1141, 1147, 1153, 1159, 1165, 1171, 1177, 1183, 1189, 1195, 1201, 1207, 1213, 1219, 1225, 1231, 1237, 1243, 1249, 1255, 1261, 1267, 1273, 1279, 1285, 1291, 1297, 1303, 1309, 1315, 1321, 1327, 1333, 1339, 1345, 1351, 1357, 1363, 1369, 1375, 1381, 1387, 1393, 1399, 1405, 1411, 1417, 1423, 1429, 1435, 1441, 1447, 1453, 1459, 1465, 1471, 1477, 1483, 1489, 1495, 1501, 1507, 1513, 1519, 1525, 1531, 1537, 1543, 1549, 1555, 1561, 1567, 1573, 1579, 1585, 1591, 1597, 1603, 1609, 1615, 1621, 1627, 1633, 1639, 1645, 1651, 1657, 1663, 1669, 1675, 1681, 1687, 1693, 1699, 1705, 1711, 1717, 1723, 1729, 1735, 1741, 1747, 1753, 1759, 1765, 1771, 1777, 1783, 1789, 1795, 1801, 1807, 1813, 1819, 1825, 1831, 1837, 1843, 1849, 1855, 1861, 1867, 1873, 1879, 1885, 1891, 1897, 1903, 1909, 1915, 1921, 1927, 1933, 1939, 1945, 1951, 1957, 1963, 1969, 1975, 1981, 1987, 1993, 1999, 2005, 2011, 2017, 2023, 2029, 2035, 2041, 2047, 2053, 2059, 2065, 2071, 2077, 2083, 2089, 2095, 2101, 2107, 2113, 2119, 2125, 2131, 2137, 2143, 2149, 2155, 2161, 2167, 2173, 2179, 2185, 2191, 2197, 2203, 2209, 2215, 2221, 2227, 2233, 2239, 2245, 2251, 2257, 2263, 2269, 2275, 2281, 2287, 2293, 2299, 2305, 2311, 2317, 2323, 2329, 2335, 2341, 2347, 2353, 2359, 2365, 2371, 2377, 2383, 2389, 2395, 2401, 2407, 2413, 2419, 2425, 2431, 2437, 2443, 2449, 2455, 2461, 2467, 2473, 2479, 2485, 2491, 2497, 2503, 2509, 2515, 2521, 2527, 2533, 2539, 2545, 2551, 2557, 2563, 2569, 2575, 2581, 2587, 2593, 2599, 2605, 2611, 2617, 2623, 2629, 2635, 2641, 2647, 2653, 2659, 2665, 2671, 2677, 2683, 2689, 2695, 2701, 2707, 2713, 2719, 2725, 2731, 2737, 2743, 2749, 2755, 2761, 2767, 2773, 2779, 2785, 2791, 2797, 2803, 2809, 2815, 2821, 2827, 2833, 2839, 2845, 2851, 2857, 2863, 2869, 2875, 2881, 2887, 2893, 2899, 2905, 2911, 2917, 2923, 2929, 2935, 2941, 2947, 2953, 2959, 2965, 2971, 2977, 2983, 2989, 2995, 3001, 3007, 3013, 3019, 3025, 3031, 3037, 3043, 3049, 3055, 3061, 3067, 3073, 3079, 3085, 3091, 3097, 3103, 3109, 3115, 3121, 3127, 3133, 3139, 3145, 3151, 3157, 3163, 3169, 3175, 3181, 3187, 3193, 3199, 3205, 3211, 3217, 3223, 3229, 3235, 3241, 3247, 3253, 3259, 3265, 3271, 3277, 3283, 3289, 3295, 3301, 3307, 3313, 3319, 3325, 3331, 3337, 3343, 3349, 3355, 3361, 3367, 3373, 3379, 3385, 3391, 3397, 3403, 3409, 3415, 3421, 3427, 3433, 3439, 3445, 3451, 3457, 3463, 3469, 3475, 3481, 3487, 3493, 3499, 3505, 3511, 3517, 3523, 3529, 3535, 3541, 3547, 3553, 3559, 3565, 3571, 3577, 3583, 3589, 3595, 3601, 3607, 3613, 3619, 3625, 3631, 3637, 3643, 3649, 3655, 3661, 3667, 3673, 3679, 3685, 3691, 3697, 3703, 3709, 3715, 3721, 3727, 3733, 3739, 3745, 3751, 3757, 3763, 3769, 3775, 3781, 3787, 3793, 3799, 3805, 3811, 3817, 3823, 3829, 3835, 3841, 3847, 3853, 3859, 3865, 3871, 3877, 3883, 3889, 3895, 3901, 3907, 3913, 3919, 3925, 3931, 3937, 3943, 3949, 3955, 3961, 3967, 3973, 3979, 3985, 3991, 3997, 4003, 4009, 4015, 4021, 4027, 4033, 4039, 4045, 4051, 4057, 4063, 4069, 4075, 4081, 4087, 4093, 4099, 4105, 4111, 4117, 4123, 4129, 4135, 4141, 4147, 4153, 4159, 4165, 4171, 4177, 4183, 4189, 4195, 4201, 4207, 4213, 4219, 4225, 4231, 4237, 4243, 4249, 4255, 4261, 4267, 4273, 4279, 4285, 4291, 4297, 4303, 4309, 4315, 4321, 4327, 4333, 4339, 4345, 4351, 4357, 4363, 4369, 4375, 4381, 4387, 4393, 4399, 4405, 4411, 4417, 4423, 4429, 4435, 4441, 4447, 4453, 4459, 4465, 4471, 4477, 4483, 4489, 4495, 4501, 4507, 4513, 4519, 4525, 4531, 4537, 4543, 4549, 4555, 4561, 4567, 4573, 4579, 4585, 4591, 4597, 4603, 4609, 4615, 4621, 4627, 4633, 4639, 4645, 4651, 4657, 4663, 4669, 4675, 4681, 4687, 4693, 4699, 4705, 4711, 4717, 4723, 4729, 4735, 4741, 4747, 4753, 4759, 4765, 4771, 4777, 4783, 4789, 4795, 4801, 4807, 4813, 4819, 4825, 4831, 4837, 4843, 4849, 4855, 4861, 4867, 4873, 4879, 4885, 4891, 4897, 4903, 4909, 4915, 4921, 4927, 4933, 4939, 4945, 4951, 4957, 4963, 4969, 4975, 4981, 4987, 4993, 4999, 5005, 5011, 5017, 5023, 5029, 5035, 5041, 5047, 5053, 5059, 5065, 5071, 5077, 5083, 5089, 5095, 5101, 5107, 5113, 5119, 5125, 5131, 5137, 5143, 5149, 5155, 5161, 5167, 5173, 5179, 5185, 5191, 5197, 5203, 5209, 5215, 5221, 5227, 5233, 5239, 5245, 5251, 5257, 5263, 5269, 5275, 5281, 5287, 5293, 5299, 5305, 5311, 5317, 5323, 5329, 5335, 5341, 5347, 5353, 5359, 5365, 5371, 5377, 5383, 5389, 5395, 5401, 5407, 5413, 5419, 5425, 5431, 5437, 5443, 5449, 5455, 5461, 5467, 5473, 5479, 5485, 5491, 5497, 5503, 5509, 5515, 5521, 5527, 5533, 5539, 5545, 5551, 5557, 5563, 5569, 5575, 5581, 5587, 5593, 5599, 5605, 5611, 5617, 5623, 5629, 5635, 5641, 5647, 5653, 5659, 5665, 5671, 5677, 5683, 5689, 5695, 5701, 5707, 5713, 5719, 5725, 5731, 5737, 5743, 5749, 5755, 5761, 5767, 5773, 5779, 5785, 5791, 5797, 5803, 5809, 5815, 5821, 5827, 5833, 5839, 5845, 5851, 5857, 5863, 5869, 5875, 5881, 5887, 5893, 5899, 5905, 5911, 5917, 5923, 5929, 5935, 5941, 5947, 5953, 5959, 5965, 5971, 5977, 5983, 5989, 5995, 6001, 6007, 6013, 6019, 6025, 6031, 6037, 6043, 6049, 6055, 6061, 6067, 6073, 6079, 6085, 6091, 6097, 6103, 6109, 6115, 6121, 6127, 6133, 6139, 6145, 6151, 6157, 6163, 6169, 6175, 6181, 6187, 6193, 6199, 6205, 6211, 6217, 6223, 6229, 6235, 6241, 6247, 6253, 6261, 6267, 6273, 6279, 6285, 6291, 6297, 6303, 6309, 6315, 6321, 6327, 6333, 6339, 6345, 6351, 6357, 6363, 6369, 6375, 6381, 6387, 6393, 6399, 6405, 6411, 6417, 6423, 6429, 6435, 6441, 6447, 6453, 6459, 6465, 6471, 6477, 6483, 6489, 6495, 6501, 6507, 6513, 6519, 6525, 6531, 6537, 6543, 6549, 6555, 6561, 6567, 6573, 6579, 6585, 6591, 6597, 6603, 6609, 6615, 6621, 6627, 6633, 6639, 6645, 6651, 6657, 6663, 6669, 6675, 6681, 6687, 6693, 6699, 6705, 6711, 6717, 6723, 6729, 6735, 6741, 6747, 6753, 6759, 6765, 6771, 6777, 6783, 6789, 6795, 6801, 6807, 6813, 6819, 6825, 6831, 6837, 6843, 6849, 6855, 6861, 6867, 6873, 6879, 6885, 6891, 6897, 6903, 6909, 6915, 6921, 6927, 6933, 6939, 6945, 6951, 6957, 6963, 6969, 6975, 6981, 6987, 6993, 6999, 7005, 7011, 7017, 7023, 7029, 7035, 7041, 7047, 7053, 7059, 7065, 7071, 7077, 7083, 7089, 7095, 7101, 7107, 7113, 7119, 7125, 7131, 7137, 7143, 7149, 7155, 7161, 7167, 7173, 7179, 7185, 7191, 7197, 7203, 7209, 7215, 7221, 7227, 7233, 7239, 7245, 7251, 7257, 7263, 7269, 7275, 7281, 7287, 7293, 7299, 7305, 7311, 7317, 7323, 7329, 7335, 7341, 7347, 7353, 7359, 7365, 7371, 7377, 7383, 7389, 7395, 7401, 7407, 7413, 7419, 7425, 7431, 7437, 7443, 7449, 7455, 7461, 7467, 7473, 7479, 7485, 7491, 7497, 7503, 7509, 7515, 7521, 7527, 7533, 7539, 7545, 7551, 7557, 7563, 7569, 7575, 7581, 7587, 7593, 7599, 7605, 7611, 7617, 7623, 7629, 7635, 7641, 7647, 7653, 7659, 7665, 7671, 7677, 7683, 7689, 7695, 7701, 7707, 7713, 7719, 7725, 7731, 7737, 7743, 7749, 7755, 7761, 7767, 7773, 7779, 7785, 7791, 7797, 7803, 7809, 7815, 7821, 7827, 7833, 7839, 7845, 7851, 7857, 7863, 7869, 7875, 7881, 7887, 7893, 7899, 7905, 7911, 7917, 7923, 7929, 7935, 7941, 7947, 7953, 7959, 7965, 7971, 7977, 7983, 7989, 7995, 8001, 8007, 8013, 8019, 8025, 8031, 8037, 8043, 8049, 8055, 8061, 8067, 8073, 8079, 8085, 8091, 8097, 8103, 8109, 8115, 8121, 8127, 8133, 8139, 8145, 8151, 8157, 8163, 8169, 8175, 8181, 8187, 8193, 8199, 8205, 8211, 8217, 8223, 8229, 8235, 8241, 8247, 8253, 8259, 8265, 8271, 8277, 8283, 8289, 8295, 8301, 8307, 8313, 8319, 8325, 8331, 8337, 8343, 8349, 8355, 8361, 8367, 8373, 8379, 8385, 8391, 8397, 8403, 8409, 8415, 8421, 8427, 8433, 8439, 8445, 8451, 8457, 8463, 8469, 8475, 8481, 8487, 8493, 8499, 8505, 8511, 8517, 8523, 8529, 8535, 8541, 8547, 8553, 8559, 8565, 8571, 8577, 8583, 8589, 8595, 8601, 8607, 8613, 8619, 8625, 8631, 8637, 8643, 8649, 8655, 8661, 8667, 8673, 8679, 8685, 8691, 8697, 8703, 8709, 8715, 8721, 8727, 8733, 8739, 8745, 8751, 8757, 8763, 8769, 8775, 8781, 8787, 8793, 8799, 8805, 8811, 8817, 8823, 8829, 8835, 8841, 8847, 8853, 8859, 8865, 8871, 8877, 8883, 8889, 8895, 8901, 8907, 8913, 8919, 8925, 8931, 8937, 8943, 8949, 8955, 8961, 8967, 8973, 8979, 8985, 8991, 8997, 9003, 9009, 9015, 9021, 9027, 9033, 9039, 9045, 9051, 9057, 9063, 9069, 9075, 9081, 9087, 9093, 9099, 9105, 9111, 9117, 9123, 9129, 9135, 9141, 9147, 9153, 9159, 9165, 9171, 9177, 9183, 9189, 9195, 9201, 9207, 9213, 9219, 9225, 9231, 9237, 9243, 9249, 9255, 9261, 9267, 9273, 9279, 9285, 9291, 9297, 9303, 9309, 9315, 9321, 9327, 9333, 9339, 9345, 9351, 9357, 9363, 9369, 9375, 9381, 9387, 9393, 9399, 9405, 9411, 9417, 9423, 9429, 9435, 9441, 9447, 9453, 9459, 9465, 9471, 9477, 9483, 9489, 9495, 9501, 9507, 9513, 9519, 9525, 9531, 9537, 9543, 9549, 9555, 9561, 9567, 9573, 9579, 9585, 9591, 9597, 9603, 9609, 9615, 9621, 9627, 9633, 9639, 9645, 9651, 9657, 9663, 9669, 9675, 9681, 9687, 9693, 9699, 9705, 9711, 9717, 9723, 9729, 9735, 9741, 9747, 9753, 9759, 9765, 9771, 9777, 9783, 9789, 9795, 9801, 9807, 9813, 9819, 9825, 9831, 9837, 9843, 9849, 9855, 9861, 9867, 9873, 9879, 9885, 9891, 9897, 9903, 9909, 9915, 9921, 9927, 9933, 9939, 9945, 9951, 9957, 9963, 9969, 9975, 9981, 9987, 9993, 9999, 10005, 10011, 10017, 10023, 10029, 10035, 10041, 10047, 10053, 10059, 10065, 10071, 10077, 10083, 10089, 10095, 10101, 10107, 10113, 10119, 10125, 10131, 10137, 10143, 10149, 10155, 10161, 10167, 10173, 10179, 10185, 10191, 10197, 10203, 10209, 10215, 10221, 10227, 10233, 10239, 10245, 10251, 10257, 10263, 10269, 10275, 10281, 10287, 10293, 10299, 10305, 10311, 10317, 10323, 10329, 10335, 10341, 10347, 10353, 10359, 10365, 10371, 10377, 10383, 10389, 10395, 10401, 10407, 10413, 10419, 10425, 10431, 10437, 10443, 10449, 10455, 10461, 10467, 10473, 10479, 10485, 10491, 10497, 10503, 10509, 10515, 10521, 10527, 10533, 10539, 10545, 10551, 10557, 10563, 10569, 10575, 10581, 10587, 10593, 10599, 10605, 10611, 10617, 10623, 10629, 10635, 10641, 10647, 10653, 10659, 10665, 10671, 10677, 10683, 10689, 10695, 10701, 10707, 10713, 10719, 10725, 10731, 10737, 10743, 10749, 10755, 10761, 10767, 10773, 10779, 10785, 10791, 10797, 10803, 10809, 10815, 10821, 10827, 10833, 10839, 10845, 10851, 10857, 10863, 10869, 10875, 10881, 10887, 10893, 10899, 10905, 10911, 10917, 10923, 10929, 10935, 10941, 10947, 10953, 10959, 10965, 10971, 10977, 10983, 10989, 10995, 11001, 11007, 11013, 11019, 11025, 11031, 11037, 11043, 11049, 11055, 11061, 11067, 11073, 11079, 11085, 11091, 11097, 11103, 11109, 11115, 11121, 11127, 11133, 11139, 11145, 11151, 11157, 11163, 11169, 11175, 11181, 11187, 11193, 11199, 11205, 11211, 11217, 11223, 11229, 11235, 11241, 11247, 11253, 11259, 11265, 11271, 11277, 11283, 11289, 11295, 11301, 11307, 11313, 11319, 11325, 11331, 11337, 11343, 11349, 11355, 11361, 11367, 11373, 11379, 11385, 11391, 11397, 11403, 11409, 11415, 11421, 11427, 11433, 11439, 11445, 11451, 11457, 11463, 11469, 11475, 11481, 11487, 11493, 11499, 11505, 11511, 11517, 11523, 11529, 11535, 11541, 11547, 11553, 11559, 11565, 11571, 11577, 11583, 11589, 11595, 11601, 11607, 11613, 11619, 11625, 11631, 11637, 11643, 11649, 11655, 11661, 11667, 11673, 11679, 11685, 11691, 11697, 11703, 11709, 11715, 11721, 11727, 11733, 11739, 11745, 11751, 11757, 11763, 11769, 11775, 11781, 11787, 11793, 11799, 11805, 11811, 11817, 11823, 11829, 11835, 11841, 11847, 11853, 11859, 11865, 11871, 11877, 11883, 11889, 11895, 11901, 11907, 11913, 11919, 11925, 11931, 11937, 11943, 11949, 11955, 11961, 11967, 11973, 11979, 11985, 11991, 11997, 12003, 12009, 12015, 12021, 12027, 12033, 12039, 12045, 12051, 12057, 12063, 12069, 12075, 12081, 12087, 12093, 12099, 12105, 12111, 12117, 12123, 12129, 12135, 12141, 12147, 12153, 12159, 12165, 12171, 12177, 12183, 12189, 12195, 12201, 12207, 12213, 12219, 12225, 12231, 12237, 12243, 12249, 12255, 12261, 12267, 12273, 12279, 12285, 12291, 12297, 12303, 12309, 12315, 12321, 12327, 12333, 12339, 12345, 12351, 12357, 12363, 12369, 12375, 12381, 12387, 12393, 12399, 12405, 12411, 12417, 12423, 12429, 12435, 12441, 12447, 12453, 12459, 12465, 12471, 12477, 12483, 12489, 12495, 12501, 12507, 12513, 12519, 12525, 12531, 12537, 12543, 12549, 12555, 12561, 12567, 12573, 12579, 12585, 12591, 12597, 12603, 12609, 12615, 12621, 12627, 12633, 12639, 12645, 12651, 12657, 12663, 12669, 12675, 12681, 12687, 12693, 12699, 12705, 12711, 12717, 12723, 12729, 12735, 12741, 12747, 12753, 12759, 12765, 12771, 12777, 12783, 12789, 12795, 12801, 12807, 12813, 12819, 12825, 12831, 12837, 12843, 12849, 12855, 12861, 12867, 12873, 12879, 12885, 12891, 12897, 12903, 12909, 12915, 12921, 12927, 12933, 12939, 12945, 12951, 12957, 12963, 12969, 12975, 12981, 12987, 12993, 12999, 13005, 13011, 13017, 13023, 13029, 13035, 13041, 13047, 13053, 13059, 13065, 13071, 13077, 13083, 13089, 13095, 13101, 13107, 13113, 13119, 13125, 13131, 13137, 13143, 13149, 13155, 13161, 13167, 13173, 13179, 13185, 13191, 13197, 13203, 13209, 13215, 13221, 13227, 13233, 13239, 13245, 13251, 13257, 13263, 13269, 13275, 13281, 13287, 13293, 13299, 13305, 13311, 13317, 13323, 13329, 13335, 13341, 13347, 13353, 13359, 13365, 13371, 13377, 13383, 13389, 13395, 13401, 13407, 13413, 13419, 13425, 13431, 13437, 13443, 13449, 13455, 13461, 13467, 13473, 13479, 13485, 13491, 13497, 13503, 13509, 13515, 13521, 13527, 13533, 13539, 13545, 13551, 13557, 13563, 13569, 13575, 13581, 13587, 13593, 13599, 13605, 13611, 13617, 13623, 13629, 13635, 13641, 13647, 13653, 13659, 13665, 13671, 13677, 13683, 13689, 13695, 13701, 13707, 13713, 13719, 13725, 13731, 13737, 13743, 13749, 13755, 13761, 13767, 13773, 13779, 13785, 13791, 13797, 13803, 13809, 13815, 13821, 13827, 13833, 13839, 13845, 13851, 13857, 13863, 13869, 13875, 13881, 13887, 13893, 13899, 13905, 13911, 13917, 13923, 13929, 13935, 13941, 13947, 13953, 13959, 13965, 13971, 13977, 13983, 13989, 13995, 14001, 14007, 14013, 14019, 14025, 14031, 14037, 14043, 14049, 14055, 14061, 14067, 14073, 14079, 14085, 14091, 14097, 14103, 14109, 14115, 14121, 14127, 14133, 14139, 14145, 14151, 14157, 14163, 14169, 14175, 14181, 14187, 14193, 14199, 14205, 14211, 14217, 14223, 14229, 14235, 14241, 14247, 14253, 14259, 14265, 14271, 14277, 14283, 14289, 14295, 14301, 14307, 14313, 14319, 14325, 14331, 14337, 14343, 14349, 14355, 14361, 14367, 14373, 14379, 14385, 14391, 14397, 14403, 14409, 14415, 14421, 14427, 14433, 14439, 14445, 14451, 14457, 14463, 14469, 14475, 14481, 14487, 14493, 14499, 14505, 14511, 14517, 14523, 14529, 14535, 14541, 14547, 14553, 14559, 14565, 14571, 14577, 14583, 14589, 14595, 14601, 14607, 14613, 14619, 14625, 14631, 14637, 14643, 14649, 14655, 14661, 14667, 14673, 14679, 14685, 14691, 14697, 14703, 14709, 14715, 14721, 14727, 14733, 14739, 14745, 14751, 14757, 14763, 14769, 14775, 14781, 14787, 14793, 14799, 14805, 14811, 14817, 14823, 14829, 14835, 14841, 14847, 14853, 14859, 14865, 14871, 14877, 14883, 14889, 14895, 14901, 14907, 14913, 14919, 14925, 14931, 14937, 14943, 14949, 14955, 14961, 14967, 14973, 14979, 14985, 14991, 14997, 15003, 15009, 15015, 15021, 15027, 15033, 15039, 15045, 15051, 15057, 15063, 15069, 15075, 15081, 15087, 15093, 15099, 15105, 15111, 15117, 15123, 15129, 15135, 15141, 15147, 15153, 15159, 15165, 15171, 15177, 15183, 15189, 15195, 15201, 15207, 15213, 15219, 15225, 15231, 15237, 15243, 15249, 15255, 15261, 15267, 15273, 15279, 15285, 15291, 15297, 15303, 15309, 15315, 15321, 15327, 15333, 15339, 15345, 15351, 15357, 15363, 15369, 15375, 15381, 15387, 15393, 15399, 15405, 15411, 15417, 15423, 15429, 15435, 15441, 15447, 15453, 15459, 15465, 15471, 15477, 15483, 15489, 15495, 15501, 15507, 15513, 15519, 15525, 15531, 15537, 15543, 15549, 15555, 15561, 15567, 15573, 15579, 15585, 15591, 15597, 15603, 15609, 15615, 15621, 15627, 15633, 15639, 15645, 15651, 15657, 15663, 15669, 15675, 15681, 15687, 15693, 15699, 15705, 15711, 15717, 15723, 15729, 15735, 15741, 15747, 15753, 15759, 15765, 15771, 15777, 15783, 15789, 15795, 15801, 15807, 15813, 15819, 15825, 15831, 15837, 15843, 15849, 15855, 15861, 15867, 15873, 15879, 15885, 15891, 15897, 15903, 15909, 15915, 15921, 15927, 15933, 15939, 15945, 15951, 15957, 15963, 15969, 15975, 15981, 15987, 15993, 15999, 16005, 16011, 16017, 16023, 16029, 16035, 16041, 16047, 16053, 16059, 16065, 16071, 16077, 16083, 16089, 16095, 16101, 16107, 16113, 16119, 16125, 16131, 16137, 16143, 16149, 16155, 16161, 16167, 16173, 16179, 16185, 16191, 16197, 16203, 16209, 16215, 16221, 16227, 16233, 16239, 16245, 16251, 16257, 16263, 16269, 16275, 16281, 16287, 16293, 16299, 16305, 16311, 16317, 16323, 16329, 16335, 16341, 16347, 16353, 16359, 16365, 16371, 16377, 16383, 16389, 16395, 16401, 16407, 16413, 16419, 16425, 16431, 16437, 16443, 16449, 16455, 16461, 16467, 16473, 16479, 16485, 16491, 16497, 16503, 16509, 16515, 16521, 16527, 16533, 16539, 16545, 16551, 16557, 16563, 16569, 16575, 16581, 16587, 16593, 16599, 16605, 16611, 16617, 16623, 16629, 16635, 16641, 16647, 16653, 16659, 16665, 16671, 16677, 16683, 16689, 16695, 16701, 16707, 16713, 16719, 16725, 16731, 16737, 16743, 16749, 16755, 16761, 16767, 16773, 16779, 16785, 16791, 16797, 16803, 16809, 16815, 16821, 16827, 16833, 16839, 16845, 16851, 16857, 16863, 16869, 16875, 16881, 16887, 16893, 16899, 16905, 16911, 16917, 16923, 16929, 16935, 16941, 16947, 16953, 16959, 16965, 16971, 16977, 16983, 16989, 16995, 17001, 17007, 17013, 17019, 17025, 17031, 17037, 17043, 17049, 17055, 17061, 17067, 17073, 17079, 17085, 17091, 17097, 17103, 17109, 17115, 17121, 17127, 17133, 17139, 17145, 17151, 17157, 17163, 17169, 17175, 17181, 17187, 17193, 17199, 17205, 17211, 17217, 17223, 17229, 17235, 17241, 17247, 17253, 17259, 17265, 17271, 17277, 17283, 17289, 17295, 17301, 17307, 17313, 17319, 17325, 17331, 17337, 17343, 17349, 17355, 17361, 17367, 17373, 17379, 17385, 17391, 17397, 17403, 17409, 17415, 17421, 17427, 17433, 17439, 17445, 17451, 17457, 17463, 17469, 17475, 17481, 17487, 17493, 17499, 17505, 17511, 17517, 17523, 17529, 17535, 17541, 17547, 17553, 17559, 17565, 17571, 17577, 17583, 17589, 17595, 17601, 17607, 17613, 17619, 17625, 17631, 17637, 17643, 17649, 17655, 17661, 17667, 17673, 17679, 17685, 17691, 17697, 17703, 17709, 17715, 17721, 17727, 17733, 17739, 17745, 17751, 17757, 17763, 17769, 17775, 17781, 17787, 17793, 17799, 17805, 17811, 17817, 17823, 17829, 17835, 17841, 17847, 17853, 17859, 17865, 17871, 17877, 17883, 17889, 17895, 17901, 17907, 17913, 17919, 17925, 17931, 17937, 17943, 17949, 17955, 17961, 17967, 17973, 17979, 17985, 17991, 17997, 18003, 18009, 18015, 18021, 18027, 18033, 18039, 18045, 18051, 18057, 18063, 18069, 18075, 18081, 18087, 18093, 18099, 18105, 18111, 18117, 18123, 18129, 18135, 18141, 18147, 18153, 18159, 18165, 18171, 18177, 18183, 18189, 18195, 18201, 18207, 18213, 18219, 18225, 18231, 18237, 18243, 18249, 18255, 18261, 18267, 18273, 18279, 18285, 18291, 18297, 18303, 18309, 18315, 18321, 18327, 18333, 18339, 18345, 18351, 18357, 18363, 18369, 18375, 18381, 18387, 18393, 18399, 18405, 18411, 18417, 18423, 18429, 18435, 18441, 18447, 18453, 18459, 18465, 18471, 18477, 18483, 18489, 18495, 18501, 18507, 18513, 18519, 18525, 18531, 18537, 18543, 18549, 18555, 18561, 18567, 18573, 18579, 18585, 18591, 18597, 18603, 18609, 18615, 18621, 18627, 18633, 18639, 18645, 18651, 18657, 18663, 18669, 18675, 18681, 18687, 18693, 18699, 18705, 18711, 18717, 18723, 18729, 18735, 18741, 18747, 18753, 18759, 18765, 18771, 18777, 18783, 18789, 18795, 18801, 18807, 18813, 18819, 18825, 18831, 18837, 18843, 18849, 18855, 18861, 18867, 18873, 18879, 18885, 18891, 18897, 18903, 18909, 18915, 18921, 18927, 18933, 18939, 18945, 18951, 18957, 18963, 18969, 18975, 18981, 18987, 18993, 18999, 19005, 19011, 19017, 19023, 19029, 19035, 19041, 19047, 19053, 19059, 19065, 19071, 19077, 19083, 19089, 19095, 19101, 19107, 19113, 19119, 19125, 19131, 19137, 19143, 19149, 19155, 19161, 19167, 19173, 19179, 19185, 19191, 19197, 19203, 19209, 19215, 19221, 19227, 19233, 19239, 19245, 19251, 19257, 19263, 19269, 19275, 19281, 19287, 19293, 19299, 19305, 19311, 19317, 19323, 19329, 19335, 19341, 19347, 19353, 19359, 19365, 19371, 19377, 19383, 19389, 19395, 19401, 19407, 19413, 19419, 19425, 19431, 19437, 19443, 19449, 19455, 19461, 19467, 19473, 19479, 19485, 19491, 19497, 19503, 19509, 19515, 19521, 19527, 19533, 19539, 19545, 19551, 19557, 19563, 19569, 19575, 19581, 19587, 19593, 19599, 19605, 19611, 19617, 19623, 19629, 19635, 19641, 19647, 19653, 19659, 19665, 19671, 19677, 19683, 19689, 19695, 19701, 19707, 19713, 19719, 19725, 19731, 19737, 19743, 19749, 19755, 19761, 19767, 19773, 19779, 19785, 19791, 19797, 19803, 19809, 19815, 19821, 19827, 19833, 19839, 19845, 19851, 19857, 19863, 19869, 19875, 19881, 19887, 19893, 19899, 19905, 19911, 19917, 19923, 19929, 19935, 19941, 19947, 19953, 19959, 19965, 19971, 19977, 19983, 19989, 19995, 20001, 20007, 20013, 20019, 20025, 20031, 20037, 20043, 20049, 20055, 20061, 20067, 20073, 20079, 20085, 20091, 20097, 20103, 20109, 20115, 20121, 20127, 20133, 20139, 20145, 20151, 20157, 20163, 20169, 20175, 20181, 20187, 20193, 20199, 20205, 20211, 20217, 20223, 20229, 20235, 20241, 20247, 20253, 20259, 20265, 20271, 20277, 20283, 20289, 20295, 20301, 20307, 20313, 20319, 20325, 20331, 20337, 20343, 20349, 20355, 20361, 20367, 20373, 20379, 20385, 20391, 20397, 20403, 20409, 20415, 20421, 20427, 20433, 20439, 20445, 20451, 20457, 20463, 20469, 20475, 20481, 20487, 20493, 20499, 20505, 20511, 20517, 20523, 20529, 20535, 20541, 20547, 20553, 20559, 20565, 20571, 20577, 20583, 20589, 20595, 20601, 20607, 20613, 20619, 20625, 20631, 20637, 20643, 20649, 20655, 20661, 20667, 20673, 20679, 20685, 20691, 20697, 20703, 20709, 20715, 20721, 20727, 20733, 20739, 20745, 20751, 20757, 20763, 20769, 20775, 20781, 20787, 20793, 20799, 20805, 20811, 20817, 20823, 20829, 20835, 20841, 20847, 20853, 20859, 20865, 20871, 20877, 20883, 20889, 20895, 20901, 20907, 20913, 20919, 20925, 20931, 20937, 20943, 20949, 20955, 20961, 20967, 20973, 20979, 20985, 20991, 20997, 21003, 21009, 21015, 21021, 21027, 21033, 21039, 21045, 21051, 21057, 21063, 21069, 21075, 21081, 21087, 21093, 21099, 21105, 21111, 21117, 21123, 21129, 21135, 21141, 21147, 21153, 21159, 21165, 21171, 21177, 21183, 21189, 21195, 21201, 21207, 21213, 21219, 21225, 21231, 21237, 21243, 21249, 21255, 21261, 21267, 21273, 21279, 21285, 21291, 21297, 21303, 21309, 21315, 21321, 21327, 21333, 21339, 21345, 21351, 21357, 21363, 21369, 21375, 21381, 21387, 21393, 21399, 21405, 21411, 21417, 21423, 21429, 21435, 21441, 21447, 21453, 21459, 21465, 21471, 21477, 21483, 21489, 21495, 21501, 21507, 21513, 21519, 21525, 21531, 21537, 21543, 21549, 21555, 21561, 21567, 21573, 21579, 21585, 21591, 21597, 21603, 21609, 21615, 21621, 21627, 21633, 21639, 21645, 21651, 21657, 21663, 21669, 21675, 21681, 21687, 21693, 21699, 21705, 21711, 21717, 21723, 21729, 21735, 21741, 21747, 21753, 21759, 21765, 21771, 21777, 21783, 21789, 21795, 21801, 21807, 21813, 21819, 21825, 21831, 21837, 21843, 21849, 21855, 21861, 21867, 21873, 21879, 21885, 21891, 21897, 21903, 21909, 21915, 21921, 21927, 21933, 21939, 21945, 21951, 21957, 21963, 21969, 21975, 21981, 21987, 21993, 21999, 22005, 22011, 22017, 22023, 22029, 22035, 22041, 22047, 22053, 22059, 22065, 22071, 22077, 22083, 22089, 22095, 22101, 22107, 22113, 22119, 22125, 22131, 22137, 22143, 22149, 22155, 22161, 22167, 22173, 22179, 22185, 22191, 22197, 22203, 22209, 22215, 22221, 22227, 22233, 22239, 22245, 22251, 22257, 22263, 22269, 22275, 22281, 22287, 22293, 22299, 22305, 22311, 22317, 22323, 22329, 22335, 22341, 22347, 22353, 22359, 22365, 22371, 22377, 22383, 22389, 22395, 22401, 22407, 22413, 22419, 22425, 22431, 22437, 22443, 22449, 22455, 22461, 22467, 22473, 22479, 22485, 22491, 22497, 22503, 22509, 22515, 22521, 22527, 22533, 22539, 22545, 22551, 22557, 22563, 22569, 22575, 22581, 22587, 22593, 22599, 22605, 22611, 22617, 22623, 22629, 22635, 22641, 22647, 22653, 22659, 22665, 22671, 22677, 22683, 22689, 22695, 22701, 22707, 22713, 22719, 22725, 22731, 22737, 22743, 22749, 22755, 22761, 22767, 22773, 22779, 22785, 22791, 22797, 22803, 22809, 22815, 22821, 22827, 22833, 22839, 22845, 22851, 22857, 22863, 22869, 22875, 22881, 22887, 22893, 22899, 22905, 22911, 22917, 22923, 22929, 22935, 22941, 22947, 22953, 22959, 22965, 22971, 22977, 22983, 22989, 22995, 23001, 23007, 23013, 23019, 23025, 23031, 23037, 23043, 23049, 23055, 23061, 23067, 23073, 23079, 23085, 23091, 23097, 23103, 23109, 23115, 23121, 23127, 23133, 23139, 23145, 23151, 23157, 23163, 23169, 23175, 23181, 23187, 23193, 23199, 23205, 23211, 23217, 23223, 23229, 23235, 23241, 23247, 23253, 23259, 23265, 23271, 23277, 23283, 23289, 23295, 23301, 23307, 23313, 23319, 23325, 23331, 23337, 23343, 23349, 23355, 23361, 23367, 23373, 23379, 23385, 23391, 23397, 23403, 23409, 23415, 23421, 23427, 23433, 23439, 23445, 23451, 23457, 23463, 23469, 23475, 23481, 23487, 23493, 23499, 23505, 23511, 23517, 23523, 23529, 23535, 23541, 23547, 23553, 23559, 23565, 23571, 23577, 23583, 23589, 23595, 23601, 23607, 23613, 23619, 23625, 23631, 23637, 23643, 23649, 23655, 23661, 23667, 23673, 23679, 23685, 23691, 23697, 23703, 23709, 23715, 23721, 23727, 23733, 23739, 23745, 23751, 23757, 23763, 23769, 23775, 23781, 23787, 23793, 23799, 23805, 23811, 23817, 23823, 23829, 23835, 23841, 23847, 23853, 23859, 23865, 23871, 23877, 23883, 23889, 23895, 23901, 23907, 23913, 23919, 23925, 23931, 23937, 23943, 23949, 23955, 23961, 23967, 23973, 23979, 23985, 23991, 23997, 24003, 24009, 24015, 24021, 24027, 24033, 24039, 24045, 24051, 24057, 24063, 24069, 24075, 24081, 24087, 24093, 24099, 24105, 24111, 24117, 24123, 24129, 24135, 24141, 24147, 24153, 24159, 24165, 24171, 24177, 24183, 24189, 24195, 24201, 24207, 24213, 24219, 24225, 24231, 24237, 24243, 24249, 24255, 24261, 24267, 24273, 24279, 24285, 24291, 24297, 24303, 24309, 24315, 24321, 24327, 24333,
----
Usage(input=74, output=16384, details={'estimated_cost': 0.00032916})
